[gd_scene load_steps=6 format=2]

[ext_resource path="res://objects/rooms/Test.tscn" type="PackedScene" id=1]
[ext_resource path="res://objects/DoorFrame.tscn" type="PackedScene" id=2]
[ext_resource path="res://objects/Door.tscn" type="PackedScene" id=3]
[ext_resource path="res://materials/8-bit/door_white.tres" type="Material" id=4]
[ext_resource path="res://materials/8-bit/door_blue.tres" type="Material" id=5]

[node name="TestRoom" type="Spatial"]

[node name="Room" parent="." instance=ExtResource( 1 )]

[node name="Doors" type="Spatial" parent="."]

[node name="White0" parent="Doors" instance=ExtResource( 2 )]
editor/display_folded = true
transform = Transform( -0.422618, 0, -0.906308, 0, 1, 0, 0.906308, 0, -0.422618, -9, 0, 13 )
exitDoorName = "White1"

[node name="Door" parent="Doors/White0" instance=ExtResource( 3 )]
material/0 = ExtResource( 4 )

[node name="White1" parent="Doors" instance=ExtResource( 2 )]
editor/display_folded = true
transform = Transform( -0.965926, 0, 0.258819, 0, 1, 0, -0.258819, 0, -0.965926, -10, 0, 7 )
exitDoorName = "White0"

[node name="Door" parent="Doors/White1" instance=ExtResource( 3 )]
transform = Transform( -1, 0, -8.74228e-008, 0, 1, 0, 8.74228e-008, 0, -1, 0, 0, 0 )
material/0 = ExtResource( 4 )

[node name="Blue0" parent="Doors" instance=ExtResource( 2 )]
editor/display_folded = true
transform = Transform( -4.37114e-008, 0, 1, 0, 1, 0, -1, 0, -4.37114e-008, 0, 0, -15 )
exitDoorName = "Blue1"

[node name="Door" parent="Doors/Blue0" instance=ExtResource( 3 )]
material/0 = ExtResource( 5 )

[node name="Blue1" parent="Doors" instance=ExtResource( 2 )]
editor/display_folded = true
transform = Transform( 0.5, -4.37114e-008, 0.866025, -8.74228e-008, -1, 0, 0.866025, -7.57103e-008, -0.5, 0, 18, 14 )
exitDoorName = "Blue0"

[node name="Door" parent="Doors/Blue1" instance=ExtResource( 3 )]
transform = Transform( -1, 0, -8.74228e-008, 0, 1, 0, 8.74228e-008, 0, -1, 0, 0, 0 )
material/0 = ExtResource( 5 )

[node name="4" parent="Doors" instance=ExtResource( 2 )]
editor/display_folded = true
transform = Transform( -4.37114e-008, 0, 1, 0, 1, 0, -1, 0, -4.37114e-008, -9, 0, -15 )
exitDoorName = "5"

[node name="5" parent="Doors" instance=ExtResource( 2 )]
editor/display_folded = true
transform = Transform( 1.91069e-015, 1, -4.37114e-008, -4.37114e-008, -4.37114e-008, -1, -1, 3.82137e-015, 4.37114e-008, -15.5, 9, -15 )
exitDoorName = "4"

[node name="6" parent="Doors" instance=ExtResource( 2 )]
editor/display_folded = true
transform = Transform( 8.74228e-008, 1, 4.37114e-008, -1.31134e-007, -4.37114e-008, 1, 1, -8.74228e-008, 1.31134e-007, -15.5, 12, 15 )
exitDoorName = "7"

[node name="7" parent="Doors" instance=ExtResource( 2 )]
editor/display_folded = true
transform = Transform( -5.96046e-008, -1, 8.74228e-008, 0.707107, -1.03964e-007, -0.707107, 0.707107, 1.96704e-008, 0.707107, 15.5, 15, 13 )
exitDoorName = "6"

[node name="8" parent="Doors" instance=ExtResource( 2 )]
editor/display_folded = true
transform = Transform( -5.96046e-008, -1, 8.74228e-008, -1, 5.96046e-008, -5.96047e-008, 5.96046e-008, -8.74228e-008, -1, 15.5, 1, 8 )
exitDoorName = "9"

[node name="9" parent="Doors" instance=ExtResource( 2 )]
editor/display_folded = true
transform = Transform( 4.37114e-008, -3.82137e-015, -1, -8.74228e-008, -1, 0, -1, 8.74228e-008, -4.37114e-008, 8, 18, -15 )
exitDoorName = "8"

[node name="OmniLight-Y" type="OmniLight" parent="."]
transform = Transform( 1, 0, 0, 0, 1, 0, 0, 0, 1, 0, 1, 0 )
light_color = Color( 0, 1, 0, 1 )
omni_range = 10.0

[node name="OmniLight+Y" type="OmniLight" parent="."]
transform = Transform( 1, 0, 0, 0, 1, 0, 0, 0, 1, 0, 17, 0 )
light_color = Color( 0, 1, 0, 1 )
omni_range = 10.0

[node name="OmniLight-X" type="OmniLight" parent="."]
transform = Transform( 1, 0, 0, 0, 1, 0, 0, 0, 1, -8, 9, 0 )
light_color = Color( 1, 0, 0, 1 )
omni_range = 10.0

[node name="OmniLight+X" type="OmniLight" parent="."]
transform = Transform( 1, 0, 0, 0, 1, 0, 0, 0, 1, 8, 9, 0 )
light_color = Color( 1, 0, 0, 1 )
omni_range = 10.0

[node name="OmniLight-Z" type="OmniLight" parent="."]
transform = Transform( 1, 0, 0, 0, 1, 0, 0, 0, 1, 0, 9, -8 )
light_color = Color( 0, 0, 1, 1 )
omni_range = 10.0

[node name="OmniLight+Z" type="OmniLight" parent="."]
transform = Transform( 1, 0, 0, 0, 1, 0, 0, 0, 1, 0, 9, 8 )
light_color = Color( 0, 0, 1, 1 )
omni_range = 10.0
