[gd_scene load_steps=7 format=2]

[ext_resource path="res://interact/interact.gd" type="Script" id=1]
[ext_resource path="res://object/stacking_rings/ring.gd" type="Script" id=2]
[ext_resource path="res://door/TeleportArea.tscn" type="PackedScene" id=3]

[sub_resource type="PhysicsMaterial" id=1]
friction = 2.0
bounce = 0.1

[sub_resource type="CylinderShape" id=2]
radius = 0.434783
height = 2.5

[sub_resource type="CylinderShape" id=3]
radius = 3.0
height = 1.0

[node name="Ring1" type="RigidBody"]
collision_layer = 5
collision_mask = 4
mass = 0.2
physics_material_override = SubResource( 1 )
script = ExtResource( 2 )

[node name="Collision1" type="CollisionShape" parent="."]
transform = Transform( 0, -1, 0, 1, 0, 0, 0, 0, 1, 0, 0, 2.16667 )
shape = SubResource( 2 )

[node name="Collision2" type="CollisionShape" parent="."]
transform = Transform( 0, -0.5, -0.866025, 1, 0, 0, 0, -0.866025, 0.5, -1.87639, 0, 1.08333 )
shape = SubResource( 2 )

[node name="Collision3" type="CollisionShape" parent="."]
transform = Transform( 0, 0.5, -0.866025, 1, 0, 0, 0, -0.866025, -0.5, -1.87639, 0, -1.08333 )
shape = SubResource( 2 )

[node name="Collision4" type="CollisionShape" parent="."]
transform = Transform( 0, 1, 8.74228e-08, 1, 0, 0, 0, 8.74228e-08, -1, 1.89416e-07, 0, -2.16667 )
shape = SubResource( 2 )

[node name="Collision5" type="CollisionShape" parent="."]
transform = Transform( 0, 0.5, 0.866025, 1, 0, 0, 0, 0.866025, -0.5, 1.87639, 0, -1.08333 )
shape = SubResource( 2 )

[node name="Collision6" type="CollisionShape" parent="."]
transform = Transform( 0, -0.5, 0.866025, 1, 0, 0, 0, 0.866025, 0.5, 1.87639, 0, 1.08333 )
shape = SubResource( 2 )

[node name="Ring" type="CSGTorus" parent="."]
layers = 3
sides = 6

[node name="Interact" type="Area" parent="."]
visible = false
linear_damp = -1.0
angular_damp = -1.0
collision_layer = 0
script = ExtResource( 1 )

[node name="Collision" type="CollisionShape" parent="Interact"]
shape = SubResource( 3 )

[node name="Outline" type="CSGTorus" parent="Interact"]
layers = 3
invert_faces = true
inner_radius = 1.9
outer_radius = 3.1
sides = 6

[node name="TeleportArea" parent="." instance=ExtResource( 3 )]
[connection signal="area_entered" from="Interact" to="Interact" method="_on_Interact_area_entered"]
[connection signal="area_exited" from="Interact" to="Interact" method="_on_Interact_area_exited"]
