[gd_scene load_steps=7 format=2]

[ext_resource path="res://interact/interact.gd" type="Script" id=1]
[ext_resource path="res://object/stacking_rings/ring.gd" type="Script" id=2]
[ext_resource path="res://gateway/TeleportArea.tscn" type="PackedScene" id=3]
[ext_resource path="res://object/plastic/white.tres" type="Material" id=4]
[ext_resource path="res://object/plastic.phymat" type="PhysicsMaterial" id=5]

[sub_resource type="CylinderShape" id=1]
radius = 0.45
height = 2.5

[node name="Ring" type="RigidBody"]
collision_layer = 3
collision_mask = 2
mass = 0.2
physics_material_override = ExtResource( 5 )
script = ExtResource( 2 )
material = ExtResource( 4 )

[node name="Collision1" type="CollisionShape" parent="."]
transform = Transform( 0, -1, 0, 1, 0, 0, 0, 0, 1, 0, 0, 2.15 )
shape = SubResource( 1 )

[node name="Collision2" type="CollisionShape" parent="."]
transform = Transform( 0, -0.5, -0.866025, 1, 0, 0, 0, -0.866025, 0.5, -1.86195, 0, 1.075 )
shape = SubResource( 1 )

[node name="Collision3" type="CollisionShape" parent="."]
transform = Transform( 0, 0.5, -0.866025, 1, 0, 0, 0, -0.866025, -0.5, -1.86195, 0, -1.075 )
shape = SubResource( 1 )

[node name="Collision4" type="CollisionShape" parent="."]
transform = Transform( 0, 1, 8.74228e-08, 1, 0, 0, 0, 8.74228e-08, -1, 1.87959e-07, 0, -2.15 )
shape = SubResource( 1 )

[node name="Collision5" type="CollisionShape" parent="."]
transform = Transform( 0, 0.5, 0.866025, 1, 0, 0, 0, 0.866025, -0.5, 1.86195, 0, -1.075 )
shape = SubResource( 1 )

[node name="Collision6" type="CollisionShape" parent="."]
transform = Transform( 0, -0.5, 0.866025, 1, 0, 0, 0, 0.866025, 0.5, 1.86195, 0, 1.075 )
shape = SubResource( 1 )

[node name="Ring" type="CSGTorus" parent="."]
layers = 3
sides = 6
material = ExtResource( 4 )

[node name="Interact" type="Spatial" parent="."]
visible = false
script = ExtResource( 1 )

[node name="Ring" type="CSGTorus" parent="Interact"]
layers = 3
invert_faces = true
inner_radius = 1.9
outer_radius = 3.1
sides = 6

[node name="TeleportArea" parent="." instance=ExtResource( 3 )]
